500 1.0032 5.93988
520 1.0032 5.88403
540 1.0032 5.83215
560 1.0032 5.78409
580 1.0032 5.73969
600 1.0032 5.69864
620 1.0032 5.6608
640 1.0032 5.62585
660 1.0032 5.59381
680 1.0032 5.56421
700 -12.2032 5.53705
720 -12.2032 5.51202
740 -12.2032 5.48914
760 -12.2032 5.38644
780 -12.2032 5.26315
800 -12.2032 5.15024
820 -12.2032 5.04694
840 -12.2032 4.95279
860 -12.2032 4.86734
880 -12.2032 4.78983
900 -12.2032 4.71964
920 -12.2032 4.65608
940 -12.2032 4.59863
960 -12.2032 4.58055
980 -12.2032 5.09226
1000 -12.2032 5.57859
1020 -12.2032 6.01762
1040 -12.2032 6.39711
1060 -12.2032 6.71362
1080 -12.2032 6.97042
1100 -12.2032 7.17462
1120 -12.2032 7.33478
1140 -12.2032 7.45929
1160 -12.2032 7.5556
1180 -12.2032 7.62994
1200 -12.2032 7.68733
1220 -12.2032 7.7317
1240 -12.2032 7.76593
1260 -12.2032 7.79235
1280 -12.2032 7.81291
1300 -12.2032 7.82903
1320 -12.2032 7.84176
1340 -12.2032 7.8519
1360 -12.2032 7.86003
1380 -12.2032 7.86659
1400 -12.2032 7.87191
1420 -12.2032 7.87626
1440 -12.2032 7.87984
1460 -12.2032 7.88278
1480 -12.2032 7.88523
1500 -12.2032 7.88727
1520 -12.2032 7.88898
1540 -12.2032 7.89042
1560 -12.2032 7.89103
1580 -12.2032 7.89103
1600 -12.2032 7.89103
1620 -12.2032 7.89103
1640 -12.2032 7.89103
1660 -12.2032 7.89103
1680 -12.2032 7.89103
1700 -12.2032 7.89103
1720 -12.2032 7.89103
1740 -12.2032 7.89103
1760 -12.2032 7.89103
1780 -12.2032 7.89103
1800 -12.2032 7.89103
1820 -12.2032 7.89103
1840 -12.2032 7.89103
1860 -12.2032 7.89103
1880 -12.2032 7.89103
1900 -12.2032 7.89103
1920 -12.2032 7.89103
1940 -12.2032 7.89103
1960 -12.2032 7.89103
1980 -12.2032 7.89103
2000 -12.2032 7.89103
2020 -12.2032 7.89103
2040 -12.2032 7.89103
2060 -12.2032 7.89103
2080 -12.2032 7.89103
2100 -12.2032 7.89103
2120 -12.2032 7.89103
2140 -12.2032 7.89103
2160 -12.2032 7.89103
2180 -12.2032 7.89103
2200 -12.2032 7.89103
2220 -12.2032 7.89103
2240 -12.2032 7.89103
2260 -12.2032 7.89103
2280 -12.2032 7.89103
2300 -12.2032 7.89103
2320 -12.2032 7.89103
2340 -12.2032 7.89103
2360 -12.2032 7.89103
2380 -12.2032 7.89103
2400 -12.2032 7.89103
2420 -12.2032 7.89103
2440 -12.2032 7.89103
2460 -12.2032 7.89103
2480 -12.2032 7.89103
2500 -12.2032 7.89103
2520 -12.2032 7.89103
2540 -12.2032 7.89103
2560 -12.2032 7.89103
2580 -12.2032 7.89103
2600 -12.2032 7.89103
2620 -12.2032 7.89103
2640 -12.2032 7.89103
2660 -12.2032 7.89103
2680 -12.2032 7.89103
2700 -12.2032 7.89103
2720 -12.2032 7.89103
2740 -12.2032 7.89103
2760 -12.2032 7.89103
2780 -12.2032 7.89103
2800 -12.2032 7.89103
2820 -12.2032 7.89103
2840 -12.2032 7.89103
2860 -12.2032 7.89103
2880 -12.2032 7.89103
2900 -12.2032 7.89103
2920 -12.2032 7.89103
2940 -12.2032 7.89103
2960 -12.2032 7.89103
2980 -12.2032 7.89103
3000 -12.2032 7.89103
3020 -12.2032 7.89103
3040 -12.2032 7.89103
3060 -12.2032 7.89103
3080 -12.2032 7.89103
3100 -12.2032 7.89103
3120 -12.2032 7.89103
3140 -12.2032 7.89103
3160 -12.2032 7.89103
3180 -12.2032 7.89103
3200 -12.2032 7.89103
3220 -12.2032 7.89103
3240 -12.2032 7.89103
3260 -12.2032 7.89103
3280 -12.2032 7.89103
3300 -12.2032 7.89103
3320 -12.2032 7.89103
3340 -12.2032 7.89103
3360 -12.2032 7.89103
3380 -12.2032 7.89103
3400 -12.2032 7.89103
3420 -12.2032 7.89103
3440 -12.2032 7.89103
3460 -12.2032 7.89103
3480 -12.2032 7.89103
3500 -12.2032 7.89103
3520 -12.2032 7.89103
3540 -12.2032 7.89103
3560 -12.2032 7.89103
3580 -12.2032 7.89103
3600 -12.2032 7.89103
3620 -12.2032 7.89103
3640 -12.2032 7.89103
3660 -12.2032 7.89103
3680 -12.2032 7.89103
3700 -12.2032 7.89103
3720 -12.2032 7.89103
3740 -12.2032 7.89103
3760 -12.2032 7.89103
3780 -12.2032 7.89103
3800 -12.2032 7.89103
3820 -12.2032 7.89103
3840 -12.2032 7.89103
3860 -12.2032 7.89103
3880 -12.2032 7.89103
3900 -12.2032 7.89103
3920 -12.2032 7.89103
3940 -12.2032 7.89103
3960 -12.2032 7.89103
3980 -12.2032 7.89103
4000 -12.2032 7.89103
4020 -12.2032 7.89103
4040 -12.2032 7.89103
4060 -12.2032 7.89103
4080 -12.2032 7.89103
4100 -12.2032 7.89103
4120 -12.2032 7.89103
4140 -12.2032 7.89103
4160 -12.2032 7.89103
4180 -12.2032 7.89103
4200 -12.2032 7.89103
4220 -12.2032 7.89103
4240 -12.2032 7.89103
4260 -12.2032 7.89103
4280 -12.2032 7.89103
4300 -12.2032 7.89103
4320 -12.2032 7.89103
4340 -12.2032 7.89103
4360 -12.2032 7.89103
4380 -12.2032 7.89103
4400 -12.2032 7.89103
4420 -12.2032 7.89103
4440 -12.2032 7.89103
4460 -12.2032 7.89103
4480 -12.2032 7.89103
4500 -12.2032 7.89103
4520 -12.2032 7.89103
4540 -12.2032 7.89103
4560 -12.2032 7.89103
4580 -12.2032 7.89103
4600 -12.2032 7.89103
4620 -12.2032 7.89103
4640 -12.2032 7.89103
4660 -12.2032 7.89103
4680 -12.2032 7.89103
4700 -12.2032 7.89103
4720 -12.2032 7.89103
4740 -12.2032 7.89103
4760 -12.2032 7.89103
4780 -12.2032 7.89103
4800 -12.2032 7.89103
4820 -12.2032 7.89103
4840 -12.2032 7.89103
4860 -12.2032 7.89103
4880 -12.2032 7.89103
4900 -12.2032 7.89103
4920 -12.2032 7.89103
4940 -12.2032 7.89103
4960 -12.2032 7.89103
4980 -12.2032 7.89103
5000 -12.2032 7.89103
5020 -12.2032 7.89103
5040 -12.2032 7.89103
5060 -12.2032 7.89103
5080 -12.2032 7.89103
5100 -12.2032 7.89103
5120 -12.2032 7.89103
5140 -12.2032 7.89103
5160 -12.2032 7.89103
5180 -12.2032 7.89103
