201 1.0032 6
301 1.0032 6
401 1.0032 6
501 1.0032 6
601 1.0032 5.36523
701 1.0032 4.90015
801 1.0032 4.58032
901 1.0032 4.38379
1001 1.0032 4.28857
1101 1.0032 4.25195
1201 1.0032 4.24707
1301 1.0032 4.25043
1401 1.0032 4.25562
1501 1.0032 4.2608
1601 1.0032 4.26538
1701 1.0032 4.26935
1801 1.0032 4.2724
1901 1.0032 4.27484
2001 1.0032 4.27698
2101 1.0032 4.2785
2201 1.0032 4.27972
2301 1.0032 4.28094
2401 1.0032 4.28186
2501 1.0032 4.28247
2601 1.0032 4.28308
2701 1.0032 4.28369
2801 1.0032 4.284
2901 1.0032 4.2843
3001 1.0032 4.28461
3101 1.0032 4.28491
3201 1.0032 4.28491
3301 1.0032 4.28491
3401 1.0032 4.28491
3501 1.0032 4.28491
3601 1.0032 4.28491
3701 1.0032 4.28491
3801 1.0032 4.28491
3901 1.0032 4.28491
4001 1.0032 4.28491
4101 1.0032 4.28491
4201 1.0032 4.28491
4301 1.0032 4.28491
4401 1.0032 4.28491
4501 1.0032 4.28491
4601 1.0032 4.28491
4701 1.0032 4.28491
4801 1.0032 4.28491
4901 1.0032 4.28491
5001 1.0032 4.28491
5101 1.0032 4.28491
5201 1.0032 4.28491
5301 1.0032 4.28491
5401 1.0032 4.28491
5501 1.0032 4.28491
5601 1.0032 4.28491
5701 1.0032 4.28491
5801 1.0032 4.28491
5901 1.0032 4.28491
6001 1.0032 4.28491
6101 1.0032 4.28491
6201 1.0032 4.28491
6301 1.0032 4.28491
6401 1.4232 4.28491
6501 1.4232 4.28491
6601 1.4232 4.28491
6701 1.4232 4.18085
6801 1.4232 4.04657
6901 1.4232 3.95715
7001 1.4232 3.901
7101 1.4232 3.8717
7201 1.4232 3.86133
7301 1.4232 3.86011
7401 1.4232 3.86133
7501 1.4232 3.86285
7601 1.4232 3.86438
7701 1.4232 3.86591
7801 1.2132 3.86713
7901 1.2132 3.86804
8001 1.2132 3.86896
8101 1.2132 3.88422
8201 1.2132 3.91626
8301 1.2132 3.94434
8401 1.2132 3.96844
8501 1.2132 3.98859
8601 1.2132 4.00507
8701 1.2132 4.01849
8801 1.2132 4.02917
8901 1.2132 4.03802
9001 1.2132 4.04504
9101 1.2132 4.05084
9201 1.2132 4.05542
9301 1.2132 4.05908
9401 1.2132 4.06213
9501 1.2132 4.06458
9601 1.2132 4.06641
9701 1.2132 4.06793
9801 1.2132 4.06915
9901 1.7032 4.07007
10001 1.7032 4.07098
10101 1.7032 4.07159
10201 1.7032 3.95197
10301 1.7032 3.80548
10401 1.7032 3.70844
10501 1.7032 3.64832
10601 1.7032 3.6178
10701 1.7032 3.60681
10801 1.7032 3.60559
10901 1.7032 3.60681
11001 1.7032 3.60864
11101 1.7032 3.61047
11201 1.7032 3.612
11301 1.7032 3.61322
11401 1.7032 3.61414
11501 1.7032 3.61505
11601 1.7032 3.61566
11701 1.2032 3.61627
11801 1.2032 3.61658
11901 1.2032 3.61688
12001 1.2032 3.64404
12101 1.2032 3.71545
12201 1.2032 3.77893
12301 1.2032 3.83417
12401 1.2032 3.88086
12501 1.1032 3.91931
12601 1.1032 3.95074
12701 1.4032 3.97638
12801 1.4032 4.00476
12901 1.4032 4.03711
13001 1.4032 4.03284
13101 1.4032 3.97913
13201 0.8032 3.94006
13301 0.8032 3.9129
13401 0.8032 3.89673
13501 0.8032 3.92603
13601 -0.2032 4.01758
13701 -0.2032 4.09906
13801 -0.2032 4.17047
13901 -0.2032 4.27545
14001 -0.2032 4.49518
14101 -0.2032 4.68683
14201 -0.2032 4.85101
14301 -0.2032 4.98773
14401 -0.2032 5.09882
14501 -0.2032 5.18869
14601 -0.2032 5.26147
14701 -0.2032 5.32068
14801 -0.2032 5.36844
14901 -0.2032 5.4075
15001 -0.2032 5.43924
15101 -0.2032 5.46503
15201 -0.2032 5.48639
15301 -0.2032 5.50363
15401 -0.2032 5.51782
15501 -0.2032 5.52942
15601 -0.2032 5.53888
15701 -0.2032 5.54681
15801 -0.2032 5.55322
15901 -0.8032 5.55841
16001 -0.8032 5.56268
16101 -0.8032 5.56635
16201 -0.8032 5.60388
16301 -0.8032 5.70276
16401 -0.8032 5.78699
16501 -0.8032 5.85809
16601 -0.8032 5.9173
16701 -0.8032 5.96552
16801 -0.8032 6.00519
16901 -0.8032 6.03754
17001 -0.8032 6.06424
17101 -0.8032 6.08621
17201 -0.8032 6.10452
17301 -0.8032 6.11948
17401 -0.8032 6.13184
17501 -0.8032 6.14221
17601 -0.8032 6.15076
17701 -0.8032 6.15778
17801 -0.8032 6.16373
17901 -0.8032 6.16861
18001 -0.8032 6.17273
18101 -0.8032 6.17609
18201 -0.8032 6.17883
18301 -0.8032 6.18127
18401 -0.8032 6.18326
18501 -0.8032 6.18494
18601 -0.8032 6.18631
18701 -0.8032 6.18753
18801 -0.8032 6.18845
18901 -0.8032 6.18921
19001 -0.8032 6.18982
19101 -0.8032 6.19043
19201 -0.8032 6.19104
19301 -0.8032 6.19135
19401 -0.8032 6.19165
19501 -0.8032 6.1918
19601 -0.8032 6.19196
19701 -0.8032 6.19211
19801 -0.8032 6.19226
19901 -0.8032 6.19241
20001 -0.8032 6.19257
20101 -0.8032 6.19257
20201 -0.8032 6.19257
20301 -0.8032 6.19257
20401 -0.8032 6.19257
20501 -0.8032 6.19257
20601 -0.8032 6.19257
20701 -0.8032 6.19257
20801 -0.8032 6.19257
20901 -0.8032 6.19257
21001 -0.8032 6.19257
21101 -0.8032 6.19257
21201 -0.8032 6.19257
21301 -0.8032 6.19257
21401 -0.8032 6.19257
21501 -0.8032 6.19257
21601 -0.8032 6.19257
21701 -0.8032 6.19257
21801 -0.8032 6.19257
21901 -0.8032 6.19257
22001 -0.8032 6.19257
