201 1.596 3.7
301 1.596 3.7
401 1.596 3.7
501 1.596 3.7
601 1.596 3.70214
701 1.596 3.70397
801 1.596 3.7058
901 1.596 3.70732
1001 1.596 3.70854
1101 1.596 3.70946
1201 1.596 3.71007
1301 1.596 3.71068
1401 1.596 3.71129
1501 1.596 3.7116
1601 1.796 3.7119
1701 1.796 3.71221
1801 1.796 3.71251
1901 1.796 3.67345
2001 1.796 3.61577
2101 1.796 3.57671
2201 1.796 3.55199
2301 1.796 3.53917
2401 1.796 3.53429
2501 1.796 3.53368
2601 1.796 3.53398
2701 1.796 3.53459
2801 1.796 3.53521
2901 1.796 3.53582
3001 1.796 3.53643
3101 1.796 3.53673
3201 1.796 3.53704
3301 1.796 3.53734
3401 1.796 3.53765
3501 1.796 3.53765
3601 1.996 3.53772
3701 1.996 3.53772
3801 1.996 3.53772
3901 1.996 3.5008
4001 1.996 3.44678
4101 1.996 3.41016
4201 1.996 3.38697
4301 1.996 3.37476
4401 1.996 3.36988
4501 1.996 3.36927
4601 1.996 3.36957
4701 1.996 3.37018
4801 1.996 3.37079
4901 1.996 3.3714
5001 1.996 3.37178
5101 1.946 3.37209
5201 1.946 3.37239
5301 1.946 3.3727
5401 1.946 3.37606
5501 1.946 3.38247
5601 1.946 3.38796
5701 1.946 3.39284
5801 1.946 3.39681
5901 1.946 3.40017
6001 1.946 3.40291
6101 1.946 3.40505
6201 1.946 3.40688
6301 1.946 3.40818
6401 1.946 3.4094
6501 1.946 3.41031
6601 1.946 3.41092
6701 1.946 3.41153
6801 1.946 3.41191
6901 1.946 3.41222
7001 1.946 3.41253
7101 1.946 3.41283
7201 1.946 3.41314
7301 1.946 3.41344
7401 1.946 3.41344
7501 1.946 3.41344
7601 1.946 3.41344
7701 1.662 3.41344
7801 1.662 3.41344
7901 1.662 3.41344
8001 1.662 3.42969
8101 1.662 3.46662
8201 1.662 3.49927
8301 1.662 3.52765
8401 1.662 3.55146
8501 1.662 3.57099
8601 1.662 3.58686
8701 1.662 3.59967
8801 1.662 3.61005
8901 1.454 3.61859
9001 1.454 3.62561
9101 1.454 3.63111
9201 1.454 3.64911
9301 1.454 3.68207
9401 1.454 3.71076
9501 1.454 3.73517
9601 1.454 3.75562
9701 1.454 3.7724
9801 1.2123 3.78614
9901 1.2123 3.79712
10001 1.2123 3.80597
10101 1.2123 3.82947
10201 1.2123 3.87128
10301 1.2123 3.9076
10401 1.2123 3.93872
10501 1.2123 3.96466
10601 1.2123 3.98572
10701 1.2123 4.00281
10801 1.2123 4.01685
10901 1.2123 4.02814
11001 1.2123 4.0373
11101 1.2123 4.04462
11201 1.2123 4.05072
11301 1.2123 4.05561
11401 1.2123 4.05957
11501 1.2123 4.06263
11601 1.2123 4.06507
11701 1.2123 4.0672
11801 1.2123 4.06873
11901 1.2123 4.06995
12001 1.032 4.07087
12101 1.032 4.07178
12201 1.032 4.07239
12301 1.032 4.08643
12401 1.032 4.11512
12501 1.032 4.14014
12601 1.032 4.16181
12701 1.032 4.17981
12801 0.404 4.19446
12901 0.404 4.20636
13001 0.404 4.21613
13101 0.404 4.25977
13201 0.404 4.36994
13301 0.404 4.46607
13401 0.404 4.54938
13501 0.404 4.61927
13601 0.404 4.67633
13701 0.404 4.72272
13801 0.404 4.76056
13901 0.404 4.79108
14001 0.404 4.8158
14101 0.404 4.83594
14201 0.404 4.85242
14301 0.404 4.86585
14401 0.404 4.87653
14501 0.404 4.88538
14601 0.404 4.8924
14701 0.404 4.8982
14801 0.404 4.90277
14901 0.404 4.90644
