201 0.432 7.3
301 0.432 7.3
401 0.432 7.3
501 0.432 7.3
601 0.432 6.71711
701 0.432 6.11775
801 0.432 5.62031
901 0.432 5.2657
1001 0.432 5.04841
1101 0.432 4.93184
1201 0.432 4.87996
1301 0.432 4.86409
1401 0.432 4.8647
1501 0.432 4.86805
1601 0.432 4.87202
1701 0.432 4.87568
1801 0.432 4.87874
1901 0.432 4.88118
2001 0.432 4.88331
2101 0.432 4.88514
2201 0.432 4.88667
2301 0.432 4.88789
2401 0.432 4.88881
2501 0.432 4.88942
2601 0.432 4.89003
2701 0.432 4.89064
2801 0.432 4.89094
2901 0.432 4.89125
3001 0.432 4.89155
3101 0.432 4.89186
3201 4.432 4.89186
3301 4.432 4.89186
3401 4.432 4.89186
3501 4.432 3.4499
3601 4.432 2.70894
3701 4.432 2.39483
3801 4.432 2.26025
3901 4.432 2.21066
4001 4.432 2.19349
4101 4.432 2.18853
4201 4.432 2.18792
4301 4.432 2.18815
4401 4.432 2.18853
4501 4.432 2.18886
4601 4.432 2.18916
4701 4.432 2.18941
4801 4.432 2.18964
4901 4.432 2.18981
5001 4.432 2.18997
5101 4.432 2.19012
5201 4.432 2.19019
5301 -0.432 2.19027
5401 -0.432 2.19035
5501 -0.432 2.19042
5601 -0.432 2.20065
5701 -0.432 2.41564
5801 -0.432 2.70594
5901 -0.432 3.05933
6001 -0.432 3.44599
6101 -0.432 3.82838
6201 -0.432 4.17902
6301 -0.432 4.48298
6401 -0.432 4.73658
6501 -0.432 4.94349
6601 -0.432 5.11042
6701 -0.432 5.2447
6801 -0.232 5.35273
6901 -0.232 5.43955
7001 -0.232 5.50974
7101 -0.232 5.54759
7201 -0.232 5.56223
7301 -0.232 5.57276
7401 -0.232 5.58039
7501 -0.232 5.5865
7601 -0.232 5.59138
7701 -0.232 5.59535
7801 -0.232 5.59855
7901 -0.232 5.60114
8001 -0.232 5.60328
8101 -0.232 5.60511
8201 -0.232 5.60664
8301 -0.232 5.60786
8401 -0.232 5.60908
8501 -0.232 5.60984
8601 -0.232 5.61045
8701 -0.232 5.61106
8801 -0.232 5.61167
8901 -0.232 5.61198
9001 -0.232 5.61228
9101 -0.232 5.61244
9201 -0.232 5.61259
9301 -0.232 5.61274
9401 -1.232 5.61289
9501 -1.232 5.61305
9601 -1.232 5.61305
9701 -1.232 5.65699
9801 -1.232 5.8169
9901 -4.232 5.95118
10001 -4.232 6.06333
10101 -4.232 6.15519
10201 -4.232 6.27253
10301 -4.232 6.7068
10401 -4.232 7.00633
10501 -4.232 7.21201
10601 -4.232 7.35346
10701 -4.232 7.45203
10801 -4.232 7.52261
10901 -4.232 7.57449
11001 -4.232 7.61347
11101 -6.232 7.64338
11201 -6.232 7.66669
11301 -6.232 7.68511
11401 -6.232 7.70663
11501 -6.232 7.75527
11601 -6.232 7.78759
11701 -2.232 7.80977
11801 -2.232 7.82545
11901 -2.232 7.83679
12001 -2.232 7.77317
12101 -2.232 7.67929
12201 -2.232 7.57934
12301 -2.232 7.48794
12401 -2.232 7.41317
12501 -2.232 7.35672
12601 -2.232 7.31628
12701 -2.232 7.28866
12801 -2.232 7.2702
12901 -2.232 7.2583
13001 -2.232 7.25067
13101 -2.232 7.24578
13201 -2.232 7.24273
13301 -2.232 7.2409
13401 -2.232 7.23968
13501 -2.232 7.23907
13601 -2.232 7.23846
13701 -2.232 7.23831
13801 -2.232 7.23815
13901 -8.232 7.238
14001 -8.232 7.238
14101 -8.232 7.238
14201 -8.232 7.25891
14301 -8.232 7.5679
14401 -8.232 7.71644
14501 -8.232 7.79125
14601 -8.232 7.83105
14701 -8.232 7.85351
14801 -8.232 7.86695
14901 -8.232 7.8754
15001 -8.232 7.88096
15101 -8.232 7.88475
15201 -8.232 7.88742
15301 -8.232 7.88935
15401 -8.232 7.89078
15501 -8.232 7.89105
15601 -8.232 7.89105
15701 -8.232 7.89105
15801 -8.232 7.89105
15901 -8.232 7.89105
16001 -8.232 7.89105
16101 -8.232 7.89105
16201 -8.232 7.89105
16301 -8.232 7.89105
16401 -8.232 7.89105
16501 -8.232 7.89105
16601 -8.232 7.89105
16701 -8.232 7.89105
16801 -8.232 7.89105
16901 -8.232 7.89105
17001 -8.232 7.89105
17101 -8.232 7.89105
17201 -8.232 7.89105
17301 -8.232 7.89105
17401 -8.232 7.89105
17501 -8.232 7.89105
17601 -8.232 7.89105
17701 -8.232 7.89105
17801 -8.232 7.89105
17901 -8.232 7.89105
18001 -8.232 7.89105
18101 -8.232 7.89105
18201 -8.232 7.89105
18301 -8.232 7.89105
18401 -8.232 7.89105
18501 -3.232 7.89105
18601 -3.232 7.89105
18701 -3.232 7.89105
18801 -3.232 7.87206
18901 -3.232 7.8399
19001 -3.232 7.79882
19101 -3.232 7.7559
19201 -3.232 7.71684
19301 -3.232 7.68464
19401 -3.232 7.65977
19501 -3.232 7.64146
19601 -3.232 7.62849
19701 -3.232 7.61949
19801 -3.232 7.61339
19901 -3.232 7.60927
20001 -3.232 7.60652
20101 -3.232 7.60469
20201 -11.232 7.60347
20301 -11.232 7.6027
20401 -11.232 7.60225
20501 -11.232 7.61216
20601 -11.232 7.78563
20701 -11.232 7.84939
20801 -11.232 7.87516
20901 -11.232 7.88661
21001 -11.232 7.89215
21101 -11.232 7.89375
21201 -11.232 7.89375
21301 -11.232 7.89375
21401 -10.432 7.89375
21501 -10.432 7.89375
21601 -10.432 7.89375
21701 -10.432 7.89331
21801 -10.432 7.89312
21901 -10.432 7.89312
22001 -10.432 7.89312
22101 -10.432 7.89312
22201 -10.432 7.89312
22301 -10.432 7.89312
22401 -10.432 7.89312
22501 -10.432 7.89312
22601 -10.432 7.89312
22701 -10.432 7.89312
22801 -10.432 7.89312
22901 -10.432 7.89312
23001 -10.432 7.89312
23101 -10.432 7.89312
23201 -10.432 7.89312
23301 -10.432 7.89312
23401 -10.432 7.89312
23501 -10.432 7.89312
23601 -10.432 7.89312
23701 -10.432 7.89312
23801 -10.432 7.89312
23901 -10.432 7.89312
24001 -10.432 7.89312
24101 -10.432 7.89312
24201 -10.432 7.89312
24301 -10.432 7.89312
