201.000000 6.000000 
503.036290 5.956970 
456.241935 5.926173 
315.858871 5.903075 
222.270161 5.856879 
315.858871 5.779885 
503.036290 5.764486 
643.419355 5.733689 
737.008065 5.664395 
737.008065 5.587401 
783.802419 5.548905 
1017.774194 5.533506 
1111.362903 5.471911 
970.979839 5.433415 
924.185484 5.371820 
924.185484 5.287127 
1111.362903 5.187036 
830.596774 5.140839 
1064.568548 5.117741 
1111.362903 5.048447 
1111.362903 5.025349 
970.979839 4.994552 
970.979839 4.894460 
1111.362903 4.794369 
1438.923387 4.771271 
1392.129032 4.701977 
1064.568548 4.655781 
1064.568548 4.532591 
1064.568548 4.432500 
1204.951613 4.332408 
1579.306452 4.317010 
2094.044355 4.340108 
2140.838710 4.340108 
2187.633065 4.278513 
1906.866935 4.201519 
1298.540323 4.232317 
1158.157258 4.232317 
877.391129 4.309310 
737.008065 4.432500 
596.625000 4.524892 
830.596774 4.617284 
503.036290 4.725075 
783.802419 4.786670 
1064.568548 4.809768 
2702.370968 4.309310 
2515.193548 4.324709 
2702.370968 4.324709 
2889.548387 4.263114 
3029.931452 4.278513 
3217.108871 4.293911 
3872.229839 4.263114 
3965.818548 4.240016 
4293.379032 4.301611 
4714.528226 4.301611 
5042.088710 4.240016 
5463.237903 4.293911 
5556.826613 4.347807 
6352.330645 4.363206 
6445.919355 4.224617 
6492.713710 4.201519 
6726.685484 4.178421 
6820.274194 4.109127 
6586.302419 4.001336 
6773.479839 3.985938 
7054.245968 3.985938 
7147.834677 3.870447 
7475.395161 3.862748 
7756.161290 3.862748 
7849.750000 3.885846 
7943.338710 3.932042 
8411.282258 3.970539 
8411.282258 3.985938 
8598.459677 4.055232 
9066.403226 3.978238 
9347.169355 3.993637 
9674.729839 4.078330 
10002.290323 4.070630 
10236.262097 4.001336 
10236.262097 3.955140 
10142.673387 3.862748 
10423.439516 3.862748 
10470.233871 3.770356 
10423.439516 3.731859 
10563.822581 3.670265 
10844.588710 3.662565 
11125.354839 3.631768 
11312.532258 3.631768 
12108.036290 3.647166 
12201.625000 3.647166 
12061.241935 3.724160 
11920.858871 3.762657 
12201.625000 3.785755 
12295.213710 3.801153 
12388.802419 3.839650 
12435.596774 3.901245 
12388.802419 3.932042 
12575.979839 4.001336 
12856.745968 4.047532 
12997.129032 4.093728 
12763.157258 4.124526 
12575.979839 4.147624 
12575.979839 4.286212 
12716.362903 4.309310 
12809.951613 4.394003 
12997.129032 4.470996 
12997.129032 4.517192 
12950.334677 4.571088 
12950.334677 4.701977 
13137.512097 4.763572 
13137.512097 4.817467 
13090.717742 4.871362 
12997.129032 4.909859 
13511.866935 4.909859 
13933.016129 4.902160 
13979.810484 4.994552 
13979.810484 5.117741 
14026.604839 5.140839 
13839.427419 4.956055 
13511.866935 4.971454 
13605.455645 4.994552 
14073.399194 5.117741 
13979.810484 5.302526 
13792.633065 5.325624 
14073.399194 5.387218 
14166.987903 5.425715 
14400.959677 5.479611 
14868.903226 5.471911 
15056.080645 5.464212 
14775.314516 5.518107 
14775.314516 5.541205 
15243.258065 5.564303 
15617.612903 5.579702 
15664.407258 5.625898 
15617.612903 5.679794 
15617.612903 5.679794 
15383.641129 5.733689 
15524.024194 5.795284 
15617.612903 5.795284 
15945.173387 5.818382 
16038.762097 5.856879 
15991.967742 5.887676 
15898.379032 5.926173 
15851.584677 5.980068 
15945.173387 6.026264 
16319.528226 6.041663 
16600.294355 6.033963 
16740.677419 6.026264 
16927.854839 6.141754 
17115.032258 6.187950 
17629.770161 6.218748 
18004.125000 6.203349 
18097.713710 6.180251 
18144.508065 6.180251 
18752.834677 6.211048 
19407.955645 6.211048 
19922.693548 6.218748 
20577.814516 6.218748 
20764.991935 6.172552 
20343.842742 6.172552 
19969.487903 6.172552 
19033.600806 6.164852 
18940.012097 6.157153 
18472.068548 6.149454 
18004.125000 6.149454 
19080.395161 6.172552 
19782.310484 6.172552 
19969.487903 6.172552 
